# Formations file example
# Created on Mon Feb 12 00:10:17 2024
# @author: oliver

f: 433
x_pos: -0.95 -0.25 -0.27 -0.27 -0.25 -0.10 0.0 0.0 0.29 0.34 0.34
y_pos: 0.0 0.47 0.15 -0.15 -0.47 0.01 0.32 -0.32 -0.01 0.59 -0.59
p_type: 0     2     1     1     2     3     4     4     6     5     5
x_attr: 0.0   0.1   0.6   0.6   0.6   0.6   0.5   0.6
y_attr: 0.0   0.1   0.25  0.35  0.25  0.3  0.25  0.2 
behind_ball: 0  1   1     0     0     0     0     0
x_min: -1.0  -0.96 -0.86 -0.86 -0.57 -0.57 -0.86 -0.04
x_max: -0.25 -0.57  0.0   0.67  0.8   0.8   0.8   0.76
